           0 ps       U       U       U       UUUUUUUU       UUUUUUUUUUUUUU       U
           0 ps       0       U       U       UUUUUUUU       UUUUUUUUUUUUUU       U
        5000 ps       0       1       0       00000000       UUUUUUUUUUUUUU       U
       10000 ps       1       1       0       00000000       UUUUUUUUUUUUUU       U
       10000 ps       1       1       0       00000000       00000000000000       0
       20000 ps       0       1       0       00000000       00000000000000       0
       25000 ps       0       0       1       00000000       00000000000000       0
       30000 ps       1       0       1       00000000       00000000000000       0
       30000 ps       1       0       1       00000000       10000000000000       0
       40000 ps       0       0       1       00000000       10000000000000       0
       50000 ps       1       0       1       00000000       10000000000000       0
       50000 ps       1       0       1       00000000       11000000000000       0
       60000 ps       0       0       1       00000000       11000000000000       0
       65000 ps       0       0       1       10000000       11000000000000       0
       70000 ps       1       0       1       10000000       11000000000000       0
       70000 ps       1       0       1       10000000       11100000000000       0
       80000 ps       0       0       1       10000000       11100000000000       0
       85000 ps       0       0       1       01000000       11100000000000       0
       90000 ps       1       0       1       01000000       11100000000000       0
       90000 ps       1       0       1       01000000       11110000000000       0
      100000 ps       0       0       1       01000000       11110000000000       0
      105000 ps       0       0       1       00000000       11110000000000       0
      110000 ps       1       0       1       00000000       11110000000000       0
      110000 ps       1       0       1       00000000       11110000000100       0
      120000 ps       0       0       1       00000000       11110000000100       0
      125000 ps       0       0       1       00000010       11110000000100       0
      130000 ps       1       0       1       00000010       11110000000100       0
      130000 ps       1       0       1       00000010       11111000000100       0
      140000 ps       0       0       1       00000010       11111000000100       0
      145000 ps       0       0       1       00010000       11111000000100       0
      150000 ps       1       0       1       00010000       11111000000100       0
      150000 ps       1       0       1       00010000       11111100000100       0
      160000 ps       0       0       1       00010000       11111100000100       0
      165000 ps       0       0       1       00000000       11111100000100       0
      170000 ps       1       0       1       00000000       11111100000100       0
      170000 ps       1       0       1       00000000       11111100000110       0
      180000 ps       0       0       1       00000000       11111100000110       0
      185000 ps       0       0       1       00000001       11111100000110       0
      190000 ps       1       0       1       00000001       11111100000110       0
      190000 ps       1       0       1       00000001       11111110000110       0
      200000 ps       0       0       1       00000001       11111110000110       0
      205000 ps       0       0       1       00000100       11111110000110       0
      210000 ps       1       0       1       00000100       11111110000110       0
